41122193000130
12911525000168
23371048000101
04235161000115
00753906000187
05774170000147
23475727000120
26073725000101
23708372000172
31951883000149
08208024000142
06925397000109
03108865000245
03108865000164
08581201000131
18789899000139
04816015000183
16891846000107
20424467000257
20424467000176
17226736000185
26921159000213
26921159000132
05502629000315
05502629000153
02856288000126
03288488000192
01723871000104
27121859000105
26741586000210
26741586000139
02129348000109
02129348000290
02129348000370
08897128000101
35588391000191
09089210000172
07375783000137
04804897000167
00765954000195
02620327000191
04264621000133
27057737000105
07956944000186
10625806000129
08330367000185
08330367000347
05000478000135
05000478000216
10015214000195
09646620000177
01165063000160
27480662000162
18517686000158
07078250000355
07078250000193
02343533000100
05730230000120
12272773000106
35488758000103
35488758000286
35488758000367
04565619000102
04565619000285
26706626000101
08414996000193
08414996000274
08414996000355
08414996000436
05730230000120

